0.002
0.002
0.006
0.008
0.008
0.012
0.014
0.016
0.022
0.032
0.036
0.044
0.046
0.048
0.06
0.062
0.094
0.096
0.102
0.104
0.11
0.114
0.13
0.136
0.142
0.144
0.156
0.168
0.192
0.194
0.21
0.212
0.214
0.22
0.22
0.222
0.224
0.242
0.252
0.262
0.266
0.266
0.268
0.274
0.29
0.294
0.296
0.296
0.298
0.304
0.304
0.306
0.31
0.318
0.328
0.334
0.354
0.36
0.36
0.362
0.372
0.38
0.396
0.396
0.406
0.414
0.416
0.418
0.428
0.432
0.432
0.436
0.438
0.442
0.448
0.482
0.484
0.486
0.496
0.502
0.516
0.518
0.522
0.564
0.58
0.586
0.588
0.59
0.594
0.6
0.604
0.606
0.61
0.614
0.62
0.626
0.642
0.646
0.65
0.656
0.658
0.674
0.68
0.684
0.704
0.706
0.712
0.712
0.714
0.718
0.72
0.724
0.728
0.732
0.732
0.734
0.736
0.736
0.738
0.738
0.742
0.742
0.744
0.748
0.748
0.76
0.78
0.784
0.798
0.798
0.802
0.802
0.812
0.834
0.834
0.836
0.838
0.854
0.856
0.86
0.862
0.864
0.866
0.87
0.874
0.876
0.876
0.876
0.88
0.882
0.886
0.896
0.902
0.92
0.924
0.924
0.93
0.938
0.95
0.958
0.958
0.964
0.966
0.97
0.974
0.976
0.978
0.988
0.99
0.992
0.992
0.994
0.996
0.996
0.998
0.998
1
1
1
1
1
1
1
1
1
1
1
1
1
1
1
1
1
1
1
1
1
1
1
