1
0.999097
0.999097
0.998195
0.997292
0.997292
0.994585
0.994585
0.993682
0.993682
0.993682
0.993682
0.993682
0.99278
0.99278
0.99278
0.991877
0.991877
0.991877
0.991877
0.990072
0.990072
0.990072
0.987365
0.987365
0.984657
0.984657
0.984657
0.982852
0.981047
0.980144
0.979242
0.978339
0.978339
0.975632
0.975632
0.973827
0.973827
0.964801
0.962996
0.961191
0.961191
0.961191
0.953971
0.942238
0.936823
0.927798
0.920578
0.920578
0.916065
0.911552
0.911552
0.888087
0.881769
0.879964
0.878159
0.877256
0.877256
0.876354
0.873646
0.872744
0.871841
0.857401
0.857401
0.856498
0.855596
0.852888
0.848375
0.848375
0.84657
0.84657
0.843863
0.84296
0.840253
0.837545
0.834838
0.829422
0.827617
0.824007
0.813177
0.807762
0.805957
0.803249
0.798736
0.797834
0.797834
0.790614
0.790614
0.789711
0.787906
0.781588
0.775271
0.770758
0.765343
0.762635
0.76083
0.759928
0.75722
0.756318
0.754513
0.750903
0.750903
0.749097
0.747292
0.74639
0.741877
0.740975
0.740072
0.73917
0.725632
0.717509
0.711191
0.707581
0.703971
0.700361
0.699458
0.692238
0.684116
0.666065
0.66426
0.662455
0.655235
0.649819
0.643502
0.640794
0.633574
0.622744
0.620939
0.619134
0.604693
0.598375
0.595668
0.594765
0.592058
0.590253
0.580325
0.577617
0.573105
0.565884
0.563177
0.559567
0.559567
0.556859
0.556859
0.556859
0.555957
0.547834
0.540614
0.534296
0.520758
0.520758
0.518953
0.454874
0.453069
0.445848
0.444043
0.440433
0.4287
0.42509
0.423285
0.42148
0.420578
0.418773
0.409747
0.406137
0.40343
0.391697
0.390794
0.388989
0.381769
0.376354
0.356498
0.353791
0.350181
0.349278
0.347473
0.330325
0.329422
0.323105
0.31769
0.306859
0.292419
0.288809
0.287906
0.287004
0.282491
0.282491
0.268051
0.251805
0.245487
0.243682
0.227437
0.225632
0.224729
0.219314
0.210289
0.209386
0.204874
0.196751
0.188628
0.179603
0.163357
0.15343
0.139892
0.128159
0.127256
0.121841
0.118231
0.117329
0.113718
0.113718
0.102888
0.101083
0.0902527
0.0631769
0.0631769
0.0261733
0.0234657
