0.98917
0.986462
0.984657
0.980144
0.977437
0.975632
0.972924
0.972924
0.972022
0.972022
0.971119
0.966606
0.965704
0.962996
0.956679
0.956679
0.956679
0.956679
0.946751
0.938628
0.938628
0.938628
0.938628
0.935921
0.935921
0.934116
0.931408
0.925993
0.911552
0.907942
0.906137
0.906137
0.900722
0.896209
0.885379
0.884477
0.884477
0.869134
0.864621
0.864621
0.862816
0.852888
0.836643
0.833032
0.831227
0.823105
0.804152
0.803249
0.799639
0.796029
0.787004
0.787004
0.783394
0.782491
0.769856
0.765343
0.762635
0.761733
0.748195
0.747292
0.747292
0.744585
0.73556
0.73556
0.730144
0.726534
0.719314
0.709386
0.694946
0.693141
0.687726
0.684116
0.681408
0.676895
0.675993
0.670578
0.669675
0.662455
0.661552
0.659747
0.659747
0.659747
0.657942
0.652527
0.650722
0.649819
0.646209
0.636282
0.634477
0.632671
0.628159
0.623646
0.620939
0.619134
0.619134
0.612816
0.611913
0.604693
0.598375
0.58935
0.58935
0.561372
0.558664
0.549639
0.544224
0.538809
0.532491
0.532491
0.527978
0.522563
0.519856
0.511733
0.505415
0.501805
0.49639
0.495487
0.49278
0.475632
0.473827
0.466606
0.459386
0.458484
0.458484
0.452166
0.442238
0.441336
0.438628
0.429603
0.425993
0.424188
0.41065
0.406137
0.405235
0.398014
0.392599
0.374549
0.369134
0.361913
0.358303
0.350181
0.349278
0.330325
0.325812
0.31769
0.310469
0.310469
0.295126
0.294224
0.294224
0.292419
0.292419
0.290614
0.287004
0.285199
0.280686
0.268051
0.263538
0.262635
0.25722
0.250903
0.25
0.244585
0.228339
0.228339
0.227437
0.225632
0.223827
0.206679
0.205776
0.205776
0.202166
0.201264
0.188628
0.188628
0.186823
0.186823
0.179603
0.166968
0.16426
0.159747
0.158845
0.154332
0.147112
0.140794
0.138989
0.135379
0.133574
0.131769
0.126354
0.122744
0.121841
0.119134
0.118231
0.101083
0.100181
0.0965704
0.0938628
0.0893502
0.0830325
0.08213
0.0758123
0.0703971
0.0658845
0.0649819
0.0622744
0.0523466
0.0505415
0.0460289
0.0442238
0.034296
0.0297834
0.0261733
0.0216606
0.0162455
0.0126354
0.0117329
0.00631769
0.00361011
