1
1
1
1
1
1
1
1
1
1
1
0.99964
0.99946
0.99946
0.999219
0.982993
0.982516
0.979474
0.96829
0.932724
0.926765
0.8469
0.79285
0.766864
0.690609
0.67857
0.677436
0.666302
0.654355
0.651279
0.643657
0.6361
0.6361
0.615265
0.593252
0.581052
0.577634
0.57585
0.566032
0.5398
0.53268
0.53247
0.524828
0.51101
0.506118
0.503122
0.501874
0.496563
0.495767
0.495196
0.465421
0.449595
0.444582
0.43631
0.415847
0.383119
0.383119
0.37626
0.367021
0.367021
0.33877
0.33877
0.328878
0.31896
0.3079
0.30333
0.2992
0.296517
0.296252
0.290368
0.289728
0.254431
0.250599
0.245385
0.234374
0.234155
0.227
0.220996
0.217765
0.215972
0.214111
0.211046
0.189313
0.184362
0.177805
0.168756
0.161474
0.15904
0.149325
0.133165
0.125976
0.119352
0.118281
0.116609
0.111508
0.095848
0.081568
0.069778
0.056424
0.056424
0.052475
0.040738
0.027967
0.024951
0.023618
0.023572
0.018435
0.010502
0.008235
0.00642
0.00642
0.00569
0.002685
0.001584
0.000711
0.000624
0.00052
0.000137
0.000111
0.000108
8.3e-05
7.4e-05
7.4e-05
6.4e-05
4.4e-05
4.4e-05
2.4e-05
9e-06
8e-06
0
0
0
0
0
0
0
0
0
0
0
0
0
0
0
0
0
0
0
0
0
0
0
0
0
0
0
0
0
0
0
0
0
0
0
0
0
0
0
0
0
0
0
0
0
0
0
0
0
0
0
0
0
0
0
0
0
0
0
0
0
0
0
0
0
0
0
0
0
0
0
0
0
0
0
0
0
0
0
0
0
0
0
0
0
0
0
0
0
