0.142
0.864
0.06
0.136
0.704
0.97
0.436
1
0.304
0.856
0.712
0.156
0.86
1
0.998
1
0.428
0.976
0.992
0.802
0.594
0.518
0.748
0.992
0.192
0.102
0.68
1
0.168
1
0.614
0.266
1
0.998
0.496
0.36
0.516
0.522
0.798
0.658
0.372
0.65
0.738
1
0.736
0.022
1
0.966
0.032
0.354
0.742
0.002
0.606
1
0.362
1
1
0.22
0.242
1
0.656
0.93
0.61
0.396
0.896
1
0.144
0.996
0.006
0.95
0.096
1
0.416
0.706
0.588
0.418
0.58
0.78
0.306
0.296
0.784
0.886
0.862
0.262
0.268
0.978
0.674
0.712
0.014
0.798
0.714
0.224
0.736
0.036
0.252
1
0.194
1
0.988
1
0.008
0.448
0.414
0.87
0.6
0.604
0.482
0.016
0.734
0.964
0.834
0.048
0.046
0.72
0.718
0.62
1
0.438
0.866
0.094
0.626
0.748
0.684
0.044
0.328
0.724
0.958
0.59
0.442
0.88
1
0.012
1
0.854
0.002
1
0.836
0.564
0.902
0.212
0.22
0.484
0.76
0.924
0.298
0.924
0.318
0.732
0.008
0.38
0.432
0.31
1
0.432
0.996
0.396
0.812
0.502
0.21
0.274
0.266
0.114
0.958
0.586
0.738
0.876
0.732
1
0.834
0.062
0.646
0.13
0.334
0.728
0.36
0.938
0.296
0.406
0.104
0.876
0.876
0.874
0.304
0.222
0.744
0.99
0.802
0.29
0.486
0.214
0.974
0.11
0.294
0.92
0.994
0.882
0.838
0.742
0.642
